15954 00007
15954 00008
15954 00009
15954 00010
15954 00011
15954 00012
15954 00013
15954 00014
15954 00015
16382 00006
16382 00007
16382 00008
17106 00004
17106 00005
17106 00006
17106 00007
17106 00008
17106 00009
17106 00010
17106 00011
17106 00012
17106 00013
17106 00014
17106 00015
17106 00016
17106 00017
17106 00018
17106 00019
17106 00020
17106 00021
17106 00022
17106 00023
17106 00024
17106 00025
17106 00026
17106 00027
17106 00028
17106 00029
17106 00030
17106 00031
17106 00032
17106 00033
17106 00034
17106 00035
17106 00036
17106 00037
17106 00038
17106 00039
17106 00040
17106 00041
17106 00042
17106 00043
17106 00044
17106 00045
17106 00046
17106 00047
17106 00048
17106 00049
17106 00050
17106 00051
17106 00052
17106 00053
17106 00054
17106 00055
17106 00056
17106 00057
17106 00058
17106 00059
17106 00060
17174 00004
17260 00003
17260 00004
17260 00005
17260 00006
17260 00007
17260 00008
17260 00009
17260 00010
17260 00011
17260 00012
17260 00013
17260 00014
17260 00015
17260 00016
17260 00017
17260 00018
17260 00019
17260 00020
17260 00021
17260 00022
17260 00023
17260 00024
17260 00025
17260 00026
17260 00027
17260 00028
17260 00029
17260 00030
17260 00031
17260 00032
17260 00033
17260 00034
17260 00035
17260 00036
17260 00037
17260 00038
17260 00039
17260 00040
17260 00041
17260 00042
17260 00043
17260 00044
17260 00045
17260 00046
17260 00047
17260 00048
17260 00049
17260 00050
17260 00051
17260 00052
17260 00053
17260 00054
17260 00055
17260 00056
17260 00057
17260 00058
17440 00003
17440 00004
17440 00005
17440 00008
