17066 00486
17066 00487
17066 00488
17066 00489
17066 00490
17066 00491
17066 00492
17066 00493
17070 00066
17070 00069
17070 00074
17070 00086
17070 00087
17070 00096
17070 00104
17070 00108
17070 00109
17070 00116
17070 00117
17070 00119
17070 00123
17072 00277
17072 00278
17072 00279
17072 00280
17072 00281
17072 00282
17072 00283
17072 00284
17072 00285
17072 00286
17072 00287
17072 00288
17072 00289
17072 00290
17072 00291
17072 00292
17072 00293
17072 00294
17072 00295
17072 00296
17072 00297
17072 00298
17072 00299
17072 00300
17072 00301
17072 00302
17072 00303
17072 00304
17072 00305
17072 00306
17072 00307
17072 00308
17072 00309
17072 00310
17072 00311
17072 00312
17072 00313
17072 00314
17072 00315
17072 00316
17072 00317
17072 00318
17072 00319
17072 00320
17072 00321
17072 00322
17072 00323
17072 00324
17072 00325
17072 00326
17072 00327
17072 00328
17073 00044
17073 00045
17073 00046
17073 00047
17073 00048
17073 00049
17073 00050
17073 00051
17073 00052
17073 00053
17073 00054
17073 00055
17073 00056
17073 00057
17073 00058
17073 00059
17073 00060
17073 00061
17073 00062
17073 00063
17073 00064
17073 00065
17073 00066
17073 00067
17073 00068
17073 00069
17073 00070
17073 00071
17073 00072
17073 00073
17073 00074
17073 00075
17073 00076
17073 00077
17073 00078
17073 00079
17073 00080
17073 00081
17073 00082
17073 00083
17073 00084
17073 00085
17073 00086
17073 00087
17073 00088
17073 00089
17073 00090
17073 00091
17073 00092
17073 00093
17073 00094
17073 00095
17073 00096
17073 00097
17073 00098
17073 00099
17073 00100
17073 00101
17073 00102
17073 00103
17073 00104
17073 00105
17073 00106
17073 00107
17073 00108
17073 00109
17073 00110
17073 00111
17073 00112
17073 00113
17073 00114
17073 00115
17073 00116
17073 00117
17073 00118
17073 00119
17073 00120
17073 00121
17073 00122
17073 00123
17073 00124
17073 00125
17073 00126
17073 00127
17073 00128
17073 00129
17073 00130
17073 00131
17073 00132
17073 00133
17073 00134
17073 00135
17073 00136
17073 00137
17097 00076
17098 00046
17098 00068
17098 00070
17098 00071
17098 00074
17098 00088
17098 00090
17098 00094
17098 00096
17098 00106
17098 00107
17098 00109
17098 00123
17098 00124
17098 00125
17098 00126
17098 00127
17098 00128
17098 00129
17098 00130
17098 00131
17098 00132
17098 00133
17098 00134
17098 00135
17098 00136
17098 00137
17098 00138
17098 00140
17098 00141
17098 00143
17098 00144
17098 00145
17098 00146
17098 00147
17098 00148
17098 00149
17098 00150
17098 00151
17098 00152
17098 00153
17098 00154
17098 00155
17098 00156
17098 00157
17098 00158
17098 00159
17098 00160
17098 00161
17098 00162
17098 00163
17098 00164
17098 00165
17098 00166
17098 00167
17098 00168
17098 00169
17098 00173
17098 00174
17098 00175
17098 00176
17098 00177
17098 00178
17098 00179
17098 00180
17098 00181
17098 00182
17098 00183
17098 00184
17098 00185
17098 00186
17098 00187
17098 00188
17098 00189
17098 00190
17098 00198
17098 00199
17098 00200
17098 00201
17098 00202
17098 00203
17098 00204
17098 00206
17098 00207
17098 00208
17098 00209
17098 00211
17098 00212
17098 00213
17098 00214
17098 00215
17098 00216
17098 00217
17098 00218
17098 00219
17098 00220
17098 00221
17098 00222
17098 00224
17098 00226
17098 00227
17098 00228
17098 00229
17098 00230
17098 00231
17098 00232
17098 00233
17098 00234
17098 00235
17098 00236
17098 00237
17098 00238
17098 00239
17098 00240
17098 00241
17098 00242
17098 00243
17098 00244
17098 00245
17098 00246
17098 00247
17098 00248
17098 00249
17098 00250
17098 00251
17098 00252
17098 00254
17098 00255
17098 00256
17098 00257
17098 00258
17098 00260
17098 00320
17098 00331
17098 00332
17098 00334
17098 00354
17105 00465
17105 00466
17105 00467
17105 00468
17105 00469
17105 00470
17105 00471
17105 00472
17105 00473
17105 00475
17105 00476
17105 00477
17105 00478
17105 00479
17105 00480
17105 00481
17105 00482
17105 00483
17110 00385
17110 00386
17110 00387
17110 00388
17110 00389
17110 00390
17110 00391
17110 00392
17110 00393
17110 00394
17110 00395
17110 00396
17110 00397
17110 00398
17110 00399
17110 00400
17110 00401
17110 00402
17110 00403
17110 00404
17110 00405
17110 00406
17110 00407
17110 00408
17110 00409
17110 00410
17110 00411
17110 00412
17110 00413
17110 00414
17110 00415
17110 00416
17110 00417
17110 00418
17110 00419
17110 00420
17110 00421
17110 00422
17110 00423
17110 00424
17110 00425
17110 00426
17110 00427
17110 00428
17110 00429
17110 00430
17110 00431
17110 00432
17110 00433
17110 00434
17110 00435
17110 00436
17110 00437
17110 00438
17110 00439
17110 00440
17110 00441
17110 00442
17110 00443
17110 00444
17110 00445
17110 00446
17110 00447
17110 00448
17110 00449
17110 00450
17110 00451
17110 00455
17110 00456
17110 00457
17110 00458
17110 00459
17110 00460
17110 00461
17110 00462
17110 00463
17110 00464
17110 00465
17110 00466
17110 00467
17110 00468
17110 00469
17110 00470
17110 00471
17110 00472
17110 00473
17110 00474
17110 00475
17110 00476
17110 00477
17110 00478
17110 00479
17110 00480
17110 00481
17110 00490
17110 00491
17110 00492
17110 00493
17110 00494
17110 00495
17110 00496
17112 00130
17112 00131
17112 00132
17112 00133
17112 00134
17112 00135
17112 00136
17112 00137
17112 00138
17112 00139
17112 00140
17112 00141
17112 00143
17112 00144
17112 00145
17112 00146
17112 00147
17112 00148
17112 00149
17112 00150
17112 00151
17112 00152
17112 00153
17112 00154
17112 00155
17112 00156
17112 00157
17112 00158
17112 00159
17112 00160
17112 00161
17112 00162
17112 00163
17112 00164
17112 00165
17112 00166
17112 00167
17112 00168
17112 00169
17112 00170
17112 00171
17112 00172
17112 00173
17112 00174
17112 00175
17112 00176
17112 00177
17112 00178
17112 00179
17112 00180
17112 00181
17112 00182
17112 00183
17112 00184
17112 00185
17112 00186
17112 00187
17112 00188
17112 00189
17112 00190
17112 00191
17112 00192
17112 00193
17112 00194
17112 00195
17112 00196
17112 00197
17112 00198
17112 00199
17112 00200
17112 00201
17112 00202
17112 00203
17112 00204
17112 00205
17112 00206
17112 00207
17112 00208
17112 00209
17112 00210
17112 00211
17112 00212
17112 00213
17112 00214
17112 00215
17112 00216
17112 00217
17112 00218
17112 00219
17112 00220
17112 00221
17112 00222
17112 00223
17112 00224
17112 00225
17112 00226
17112 00227
17112 00228
17112 00229
17112 00230
17112 00231
17112 00232
17112 00233
17112 00234
17112 00235
17112 00236
17112 00237
17112 00238
17112 00239
17112 00240
17112 00241
17112 00242
17112 00243
17112 00244
17112 00245
17112 00246
17112 00247
17112 00248
17112 00249
17112 00250
17112 00251
17112 00252
17112 00253
17112 00254
17112 00255
17112 00256
17112 00257
17112 00258
17112 00259
17112 00260
17112 00261
17112 00262
17112 00263
17112 00264
17112 00265
17112 00266
17112 00267
17112 00268
17112 00269
17112 00270
17112 00271
17112 00272
17112 00273
17112 00274
17112 00275
17112 00276
17112 00277
17112 00278
17112 00279
17112 00280
17112 00281
17112 00282
17112 00283
17112 00284
17112 00285
17112 00286
17112 00287
17112 00288
17112 00289
17112 00290
17112 00291
17112 00292
17112 00293
17112 00294
17112 00295
17112 00296
17112 00297
17112 00298
17112 00299
17112 00300
17112 00301
17112 00302
17112 00303
17112 00304
17112 00305
17112 00306
17112 00307
17112 00308
17112 00309
17112 00310
17112 00312
17112 00313
17112 00314
17112 00315
17112 00316
17112 00317
17112 00318
17112 00319
17112 00320
17112 00321
17112 00322
17112 00323
17112 00324
17112 00325
17112 00326
17112 00327
17112 00328
17112 00329
17112 00330
17112 00331
17112 00332
17112 00333
17112 00334
17112 00335
17112 00336
17112 00337
17112 00338
17112 00339
17112 00340
17112 00341
17112 00342
17112 00343
17112 00344
17112 00345
17112 00346
17112 00347
17112 00354
17112 00355
17112 00356
17112 00357
17112 00358
17112 00359
17112 00360
17112 00361
17112 00362
17112 00363
17112 00364
17112 00365
17112 00368
17112 00369
17112 00370
17112 00371
17112 00372
17112 00373
17112 00374
17112 00375
17112 00376
17112 00377
17112 00378
17112 00379
17112 00380
17112 00381
17112 00382
17112 00383
17112 00384
17112 00385
17112 00386
17112 00387
17112 00388
17112 00389
17112 00390
17112 00391
17112 00392
17112 00393
17112 00394
17112 00395
17112 00396
17112 00397
17112 00398
17112 00399
17112 00400
17112 00401
17112 00402
17112 00403
17112 00404
17112 00405
17112 00406
17112 00407
17112 00408
17112 00409
17112 00410
17117 00349
17117 00350
17117 00352
17117 00353
17117 00354
17117 00355
17117 00356
17117 00357
17117 00358
17117 00359
17117 00360
17117 00361
17117 00362
17117 00363
17117 00364
17117 00365
17117 00366
17117 00367
17117 00368
17117 00369
17117 00370
17117 00371
17117 00372
17117 00373
17117 00374
17117 00375
17117 00376
17117 00377
17117 00380
17117 00381
17117 00382
17117 00383
17117 00384
17117 00385
17117 00386
17117 00387
17117 00388
17117 00389
17117 00390
17117 00391
17117 00392
17117 00393
17117 00394
17117 00395
17117 00396
17117 00397
17117 00398
17117 00399
17117 00400
17117 00401
17117 00402
17117 00403
17117 00404
17117 00405
17117 00406
17117 00407
17117 00408
17117 00409
17117 00410
17117 00411
17117 00412
17117 00413
17117 00414
17117 00415
17117 00416
17117 00417
17117 00418
17117 00419
17117 00420
17117 00421
17117 00422
17117 00423
17117 00424
17117 00425
17117 00426
17117 00427
17117 00428
17117 00429
17117 00430
17117 00431
17117 00432
17117 00433
17117 00434
17117 00435
17117 00436
17117 00437
17117 00438
17117 00439
17117 00440
17117 00441
17117 00442
17117 00443
17117 00444
17117 00445
17117 00446
17117 00447
17117 00448
17117 00451
17117 00452
17117 00453
17117 00454
17117 00455
17117 00456
17117 00457
17117 00458
17117 00459
17117 00460
17117 00461
17117 00462
17117 00463
17117 00464
17117 00465
17117 00466
17117 00467
17117 00468
17117 00469
17117 00470
17117 00471
17117 00472
17117 00473
17117 00474
17117 00475
17117 00476
17117 00477
17123 00008
17123 00009
17123 00010
17123 00011
17123 00012
17123 00013
17123 00014
17123 00015
17123 00016
17123 00017
17123 00018
17123 00019
17123 00020
17123 00021
17123 00022
17123 00023
17123 00024
17123 00025
17123 00026
17123 00027
17123 00028
17123 00029
17123 00030
17123 00031
17123 00032
17123 00033
17123 00034
17123 00044
17123 00045
17123 00046
17123 00047
17123 00048
17123 00049
17123 00050
17123 00051
17123 00052
17123 00053
17123 00054
17123 00055
17123 00056
17123 00057
17123 00058
17123 00059
17123 00060
17123 00061
17123 00062
17123 00063
17123 00064
17123 00065
17123 00066
17123 00067
17123 00068
17123 00069
17123 00070
17123 00071
17123 00073
17123 00074
17123 00075
17123 00076
17123 00077
17123 00078
17123 00079
17123 00080
17123 00081
17123 00082
17123 00083
17123 00084
17123 00085
17123 00086
17123 00087
17123 00088
17123 00089
17123 00090
17123 00091
17123 00092
17123 00093
17123 00094
17123 00095
17123 00096
17123 00097
17123 00098
17123 00099
17123 00100
17123 00101
17123 00102
17123 00103
17123 00104
17123 00105
17123 00106
17123 00107
17123 00108
17123 00109
17123 00110
17123 00111
17123 00112
17123 00113
17123 00114
17123 00115
17123 00116
17123 00117
17123 00118
17123 00119
17123 00120
17123 00121
17123 00122
17123 00123
17123 00124
17123 00125
17123 00126
17123 00127
17123 00128
17123 00129
17123 00130
17123 00131
17123 00132
17123 00133
17123 00134
17123 00135
17123 00136
17123 00137
17123 00138
17123 00139
17123 00140
17123 00141
17123 00142
17123 00143
17123 00144
17123 00145
17123 00146
17123 00147
17123 00148
17123 00149
17123 00150
17123 00151
17123 00152
17123 00153
17123 00154
17123 00155
17123 00156
17123 00157
17123 00158
17123 00159
17123 00160
17123 00161
17123 00162
17123 00163
17123 00164
17123 00165
17123 00166
17123 00167
17123 00168
17123 00169
17123 00170
17123 00171
17123 00172
17123 00173
17123 00174
17123 00175
17123 00176
17123 00177
17123 00178
17123 00179
17123 00180
17123 00181
17123 00182
17123 00183
17123 00184
17123 00185
17123 00186
17123 00187
17123 00188
17123 00189
17123 00190
17123 00191
17123 00192
17123 00193
17123 00194
17123 00195
17123 00196
17123 00197
17123 00198
17123 00199
17123 00200
17123 00201
17123 00202
17123 00203
17123 00204
17123 00205
17123 00206
17123 00207
17123 00208
17123 00209
17123 00210
17123 00211
17123 00212
17123 00213
17123 00214
17123 00215
17123 00216
17123 00217
17123 00218
17123 00219
17123 00220
17123 00221
17123 00222
17123 00223
17123 00224
17123 00225
17123 00226
17123 00227
17123 00228
17123 00229
17123 00230
17123 00231
17123 00232
17123 00233
17123 00234
17123 00235
17123 00236
17123 00237
17123 00238
17123 00239
17123 00240
17123 00241
17123 00242
17123 00243
17123 00244
17123 00245
17123 00246
17123 00247
17123 00248
17123 00249
17123 00250
17123 00251
17123 00252
17123 00253
17123 00254
17123 00255
17123 00256
17123 00257
17123 00258
17123 00259
17123 00260
17123 00261
17123 00262
17123 00263
17123 00264
17123 00265
17123 00266
17123 00267
17123 00268
17123 00269
17123 00270
17123 00271
17123 00272
17123 00273
17123 00274
17123 00275
17123 00276
17123 00277
17123 00278
17123 00279
17123 00280
17123 00281
17123 00282
17123 00283
17123 00284
17123 00285
17123 00286
17123 00287
17123 00288
17123 00289
17123 00290
17123 00291
17123 00292
17123 00293
17123 00294
17123 00295
17123 00296
17123 00297
17123 00298
17123 00299
17123 00300
17123 00301
17123 00302
17123 00303
17123 00304
17123 00305
17123 00306
17124 00370
17124 00371
17124 00372
17124 00373
17124 00374
17124 00375
17124 00376
17124 00377
17124 00378
17124 00379
17124 00380
17124 00381
17124 00382
17124 00383
17124 00384
17124 00385
17124 00386
17124 00387
17124 00388
17124 00389
17124 00390
17124 00391
17124 00392
17124 00393
17124 00394
17124 00395
17124 00396
17124 00397
17124 00398
17124 00399
17124 00400
17124 00401
17124 00402
17124 00403
17124 00404
17124 00405
17124 00406
17124 00407
17124 00408
17124 00409
17124 00410
17124 00411
17124 00412
17124 00413
17124 00414
17124 00415
17124 00416
17124 00417
17124 00418
17124 00419
17124 00420
17124 00421
17124 00422
17124 00423
17124 00424
17124 00425
17124 00426
17124 00427
17124 00428
17124 00429
17124 00430
17124 00431
17124 00432
17124 00433
17124 00434
17124 00435
17124 00436
17124 00437
17124 00438
17124 00439
17124 00440
17124 00441
17124 00442
17124 00443
17124 00444
17124 00445
17124 00446
17124 00447
17124 00448
17124 00449
17124 00450
17124 00451
17124 00452
17124 00453
17124 00454
17124 00455
17124 00456
17124 00457
17124 00458
17124 00459
17124 00460
17124 00461
17124 00462
17124 00463
17124 00464
17124 00465
17124 00466
17124 00467
17124 00468
17124 00469
17124 00470
17124 00471
17124 00472
17124 00473
17124 00474
17124 00475
17124 00476
17124 00479
17124 00480
17124 00481
17124 00482
17124 00483
17124 00484
17124 00485
17124 00486
17124 00487
17124 00488
17124 00489
17124 00490
17124 00491
17124 00492
17124 00493
17124 00494
17124 00495
17155 00194
17155 00195
17155 00196
17155 00197
17155 00198
17155 00199
17155 00200
17155 00201
17155 00202
17155 00203
17155 00204
17155 00205
17155 00206
17155 00207
17155 00208
17155 00209
17155 00210
17155 00211
17155 00212
17155 00213
17155 00214
17155 00215
17155 00216
17155 00217
17155 00218
17155 00219
17155 00220
17155 00221
17155 00222
17155 00223
17155 00224
17155 00225
17155 00226
17155 00227
17155 00228
17155 00229
17155 00230
17155 00231
17155 00232
17155 00233
17155 00234
17155 00235
17155 00236
17155 00237
17155 00238
17155 00239
17155 00240
17155 00243
17155 00244
17155 00245
17155 00246
17155 00247
17155 00248
17155 00249
17155 00250
17155 00251
17155 00252
17155 00253
17155 00254
17155 00255
17155 00256
17155 00257
17155 00258
17155 00259
17155 00260
17155 00261
17155 00262
17155 00263
17155 00264
17155 00265
17155 00266
17155 00267
17155 00268
17155 00269
17155 00270
17155 00271
17155 00272
17155 00273
17155 00274
17155 00275
17155 00276
17155 00277
17155 00278
17155 00279
17155 00280
17155 00281
17155 00282
17155 00283
17155 00284
17155 00285
17155 00286
17155 00287
17155 00288
17155 00289
17155 00290
17155 00291
17155 00292
17155 00293
17155 00294
17155 00298
17155 00299
17155 00300
17155 00301
17155 00302
17155 00303
17155 00304
17155 00305
17155 00306
17155 00307
17155 00308
17155 00309
17155 00310
17155 00311
17155 00312
17155 00313
17155 00314
17155 00315
17155 00316
17155 00317
17155 00318
17155 00319
17155 00320
17155 00321
17155 00322
17155 00323
17155 00324
17155 00325
17155 00326
17155 00327
17155 00328
17155 00329
17155 00330
17155 00331
17155 00332
17155 00333
17155 00334
17155 00335
17155 00336
17155 00337
17155 00338
17155 00339
17155 00340
17155 00341
17155 00342
17155 00343
17155 00344
17155 00345
17155 00346
17155 00347
17155 00348
17155 00349
17155 00350
17155 00351
17155 00352
17155 00353
17155 00354
17155 00355
17155 00356
17155 00357
17155 00358
17155 00359
17155 00360
17155 00361
17155 00362
17155 00363
17155 00364
17155 00365
17155 00366
17155 00367
17155 00368
17155 00369
17155 00370
17155 00371
17155 00372
17155 00373
17155 00374
17155 00375
17155 00376
17157 00417
17157 00418
17157 00419
17157 00420
17157 00421
17157 00422
17157 00423
17157 00424
17157 00425
17157 00426
17157 00427
17157 00428
17157 00429
17157 00430
17157 00431
17157 00432
17157 00433
17157 00434
17157 00435
17157 00436
17157 00437
17157 00438
17157 00439
17157 00440
17157 00441
17157 00442
17157 00443
17157 00444
17157 00445
17157 00446
17157 00447
17157 00448
17157 00449
17157 00450
17157 00451
17157 00452
17157 00453
17157 00454
17157 00457
17157 00458
17157 00459
17157 00460
17157 00461
17157 00462
17157 00463
17157 00464
17157 00465
17157 00466
17157 00467
17157 00468
17157 00469
17157 00470
17157 00471
17157 00472
17157 00473
17157 00474
17157 00475
17157 00476
17157 00477
17157 00478
17157 00479
17157 00480
17157 00481
17157 00482
17157 00483
17157 00484
17157 00485
17157 00486
17157 00487
17157 00488
17157 00489
17157 00490
17157 00491
17157 00492
17157 00493
17172 00011
17172 00012
17172 00013
17172 00014
17172 00015
17172 00016
17172 00017
17172 00018
17172 00019
17172 00020
17172 00021
17172 00022
17172 00023
17172 00024
17172 00025
17172 00026
17172 00027
17172 00028
17172 00029
17172 00030
17172 00031
17172 00032
17172 00033
17172 00034
17172 00035
17172 00036
17172 00037
17172 00038
17172 00039
17172 00040
17172 00041
17172 00042
17172 00043
17172 00044
17172 00045
17172 00046
17172 00047
17172 00048
17172 00049
17172 00050
17172 00051
17172 00052
17172 00053
17172 00054
17172 00055
17172 00056
17172 00057
17172 00058
17172 00059
17172 00060
17172 00061
17172 00062
17172 00063
17172 00064
17172 00065
17172 00066
17172 00067
17172 00068
17172 00069
17172 00070
17172 00071
17172 00072
17172 00073
17172 00074
17172 00075
17172 00076
17172 00077
17172 00078
17172 00080
17172 00084
17172 00085
17172 00086
17172 00087
17172 00088
17172 00089
17172 00090
17172 00091
17172 00092
17172 00093
17172 00094
17172 00095
17172 00096
17172 00097
17172 00098
17172 00106
17172 00107
17172 00108
17172 00109
17172 00110
17172 00111
17172 00112
17172 00113
17172 00114
17172 00127
17172 00128
17172 00129
17172 00130
17172 00131
17172 00132
17172 00133
17172 00134
17172 00135
17172 00136
17172 00137
17172 00138
17172 00139
17172 00140
17172 00141
17172 00142
17172 00143
17172 00144
17172 00145
17172 00146
17172 00147
17172 00148
17172 00149
17172 00150
17172 00151
17172 00152
17172 00153
17172 00154
17172 00155
17172 00156
17172 00157
17172 00158
17172 00159
17172 00189
17172 00190
17172 00191
17172 00193
17172 00194
17172 00195
17172 00196
17172 00199
17172 00200
17172 00201
17172 00202
17172 00203
17172 00204
17172 00205
17172 00206
17172 00207
17172 00208
17172 00209
17172 00210
17172 00211
17172 00212
17172 00213
17172 00214
17172 00215
17172 00216
17172 00217
17172 00218
17172 00219
17172 00220
17172 00221
17172 00222
17172 00223
17172 00224
17172 00225
17172 00226
17172 00227
17172 00228
17172 00229
17172 00230
17172 00231
17172 00232
17172 00233
17172 00234
17172 00235
17172 00236
17172 00237
17172 00238
17172 00239
17172 00240
17172 00241
17172 00242
17172 00243
17172 00244
17172 00245
17172 00246
17172 00247
17172 00248
17172 00249
17172 00250
17172 00251
17172 00252
17172 00253
17172 00254
17172 00255
17172 00256
17172 00257
17172 00258
17172 00259
17172 00260
17172 00261
17172 00262
17172 00263
17172 00264
17172 00265
17172 00266
17172 00267
17172 00268
17172 00269
17172 00270
17172 00271
17172 00272
17172 00273
17172 00274
17172 00275
17172 00276
17172 00277
17172 00278
17172 00279
17172 00280
17172 00281
17172 00282
17172 00283
17172 00284
17172 00285
17172 00286
17172 00287
17172 00288
17172 00289
17172 00290
17172 00291
17172 00292
17172 00293
17172 00294
17172 00296
17172 00297
17172 00298
17172 00299
17172 00300
17172 00301
17172 00302
17172 00303
17172 00304
17172 00305
17172 00306
17172 00307
17172 00308
17172 00309
17172 00310
17172 00311
17172 00312
17172 00313
17172 00314
17172 00315
17172 00316
17172 00317
17172 00318
17172 00319
17172 00320
17172 00321
17172 00322
17172 00323
17172 00324
17172 00325
17172 00326
17172 00327
17172 00328
17172 00329
17172 00330
17172 00331
17172 00332
17172 00333
17172 00334
17172 00335
17172 00336
17172 00337
17172 00339
17172 00340
17172 00341
17172 00342
17172 00343
17172 00344
17172 00345
17172 00346
17172 00347
17172 00348
17172 00350
17172 00351
17172 00352
17172 00354
17172 00355
17172 00356
17172 00357
17172 00358
17172 00359
17172 00360
17172 00361
17172 00362
17172 00363
17172 00364
17172 00365
17172 00366
17172 00367
17172 00368
17172 00369
17172 00370
17172 00371
17172 00372
17172 00373
17172 00374
17172 00375
17172 00376
17172 00377
17172 00378
17172 00379
17172 00380
17172 00395
17172 00396
17172 00397
17172 00398
17172 00399
17172 00400
17172 00401
17172 00402
17172 00403
17172 00404
17172 00405
17172 00406
17172 00407
17172 00408
17172 00409
17172 00410
17172 00411
17172 00412
17172 00413
17172 00414
17172 00415
17172 00416
17172 00417
17172 00418
17172 00419
17172 00420
17172 00421
17172 00422
17172 00423
17172 00424
17172 00425
17172 00426
17172 00427
17172 00428
17172 00429
17172 00430
17172 00431
17172 00432
17172 00433
17172 00434
17172 00435
17172 00436
17172 00437
17172 00438
17172 00439
17172 00440
17172 00441
17172 00442
17172 00443
17172 00444
17172 00445
17172 00446
17172 00447
17172 00448
17172 00449
17172 00450
17172 00451
17172 00452
17172 00453
17172 00454
17172 00455
17172 00456
17172 00457
17172 00458
17172 00459
17172 00460
17172 00461
17172 00462
17172 00463
17172 00464
17172 00465
17172 00466
17172 00467
17172 00468
17172 00469
17172 00470
17172 00471
17172 00472
17172 00473
17172 00474
17172 00475
17172 00476
17172 00477
17172 00478
17172 00479
17172 00480
17172 00481
17172 00482
17172 00483
17172 00484
17172 00485
17172 00486
17172 00487
17172 00488
17172 00489
17172 00490
17172 00491
17172 00492
17172 00493
17172 00494
17179 00090
17179 00091
17179 00092
17179 00093
17179 00094
17179 00095
17179 00096
17179 00097
17179 00098
17179 00099
17179 00100
17179 00101
17179 00102
17179 00103
17179 00104
17179 00105
17179 00106
17179 00107
17179 00108
17179 00109
17179 00110
17179 00111
17179 00112
17179 00113
17179 00114
17179 00115
17179 00116
17179 00117
17179 00118
17179 00119
17179 00120
17179 00121
17179 00122
17179 00123
17179 00124
17179 00125
17179 00126
17179 00127
17179 00128
17179 00129
17179 00130
17179 00131
17179 00140
17179 00141
17179 00142
17179 00143
17179 00144
17179 00145
17179 00146
17179 00147
17179 00148
17179 00149
17179 00150
17179 00151
17179 00152
17179 00153
17179 00154
17179 00155
17179 00156
17179 00157
17179 00158
17179 00159
17179 00160
17179 00161
17179 00162
17179 00163
17179 00164
17179 00165
17179 00166
17179 00167
17179 00168
17179 00169
17179 00170
17179 00171
17179 00172
17179 00173
17179 00174
17179 00175
17179 00179
17179 00180
17179 00181
17179 00182
17179 00183
17179 00184
17179 00185
17179 00186
17179 00187
17179 00188
17179 00189
17179 00190
17179 00191
17179 00192
17179 00193
17179 00194
17179 00195
17179 00196
17179 00197
17179 00198
17179 00199
17179 00200
17179 00201
17179 00202
17179 00203
17179 00204
17179 00205
17179 00206
17179 00207
17179 00213
17179 00214
17179 00215
17179 00216
17179 00217
17179 00218
17179 00219
17179 00220
17179 00221
17179 00222
17179 00223
17179 00224
17179 00225
17179 00226
17179 00227
17179 00228
17179 00231
17179 00232
17179 00233
17179 00234
17179 00235
17179 00236
17179 00237
17179 00238
17179 00241
17179 00242
17179 00243
17179 00244
17179 00245
17179 00246
17179 00247
17179 00248
17179 00249
17179 00252
17179 00253
17179 00254
17179 00255
17179 00256
17179 00257
17179 00258
17179 00259
17179 00260
17179 00261
17179 00262
17179 00263
17179 00264
17179 00266
17179 00267
17179 00268
17179 00269
17179 00270
17179 00271
17179 00272
17179 00273
17179 00274
17179 00275
17179 00276
17179 00277
17179 00278
17179 00279
17179 00280
17179 00281
17179 00282
17179 00283
17179 00284
17179 00285
17179 00286
17179 00287
17179 00288
17179 00289
17179 00290
17179 00291
17179 00294
17179 00295
17179 00296
17179 00297
17179 00298
17179 00299
17179 00300
17179 00301
17179 00302
17179 00303
17179 00304
17179 00305
17179 00306
17179 00307
17179 00308
17179 00309
17179 00310
17179 00311
17179 00312
17179 00313
17179 00314
17179 00315
17179 00316
17179 00317
17179 00318
17179 00319
17179 00320
17179 00321
17179 00322
17179 00323
17179 00324
17179 00325
17179 00326
17179 00327
17179 00328
17179 00329
17179 00330
17179 00331
17179 00332
17179 00333
17179 00334
17179 00335
17179 00336
17179 00337
17179 00338
17179 00339
17179 00340
17179 00341
17179 00342
17179 00343
17179 00344
17179 00345
17179 00346
17179 00347
17179 00348
17179 00349
17179 00350
17179 00351
17394 00208
17394 00209
17394 00210
17394 00211
17394 00212
17394 00213
17394 00214
17394 00215
17394 00216
17394 00217
17394 00218
17394 00219
17394 00220
17394 00221
17394 00222
17394 00223
17394 00224
17394 00225
17394 00226
17394 00227
17394 00228
17394 00229
17394 00230
17394 00231
17394 00234
17394 00235
17394 00236
17394 00237
17394 00238
17394 00239
17394 00240
17394 00241
17394 00242
17394 00243
17394 00244
17394 00245
17394 00246
17394 00247
17394 00248
17394 00249
17394 00250
17394 00251
17394 00252
17394 00253
17394 00254
17394 00255
17394 00256
17394 00257
17394 00258
17394 00259
17394 00260
17394 00261
17394 00262
17394 00263
17394 00264
17394 00265
17394 00266
17394 00267
17394 00268
17394 00269
17394 00270
17394 00271
17394 00272
17394 00273
17394 00274
17394 00275
17394 00276
17394 00277
17394 00278
17394 00279
17394 00280
17394 00281
17394 00282
17394 00283
17394 00284
17394 00285
17394 00286
17394 00287
17394 00288
17394 00289
17394 00290
17394 00291
17394 00292
17394 00293
17394 00294
17394 00295
17394 00296
17394 00297
17394 00298
17394 00299
17394 00300
17394 00301
17394 00302
17394 00303
17394 00304
17394 00305
17394 00306
17394 00307
17394 00308
17394 00309
17394 00310
17394 00311
17394 00312
17394 00313
17394 00314
17394 00315
17394 00316
17394 00317
17394 00318
17394 00319
17394 00320
17394 00321
17394 00322
17394 00323
17394 00324
17394 00325
17394 00326
17394 00327
17394 00328
17394 00329
17394 00330
17394 00331
17394 00332
17394 00333
17394 00334
17394 00335
17394 00336
17394 00337
17394 00338
17394 00339
17394 00340
17394 00341
17394 00342
17394 00343
17394 00344
17394 00345
17394 00346
17394 00347
17394 00348
17394 00349
17394 00350
17394 00351
17394 00352
17394 00353
17394 00354
17394 00355
17394 00356
17394 00357
17394 00358
17394 00359
17394 00360
17394 00361
17394 00362
17394 00363
17394 00364
17394 00365
17394 00366
17394 00367
17394 00370
17394 00371
17394 00372
17394 00373
17394 00374
17394 00375
17394 00376
17394 00377
17394 00378
17394 00379
17394 00380
17394 00381
17394 00382
17394 00383
17394 00384
17394 00385
17394 00386
17394 00387
17394 00388
17394 00389
17394 00390
17394 00391
17394 00392
17394 00393
17394 00394
17394 00395
17394 00396
17394 00397
17394 00398
17394 00399
17394 00400
17394 00401
17394 00402
17394 00403
17394 00404
17394 00405
17394 00406
17394 00407
17394 00408
17394 00409
17394 00410
17394 00411
17394 00412
17394 00413
17394 00414
17394 00415
17394 00416
17394 00417
17394 00418
17394 00419
17394 00420
17394 00421
17394 00422
17394 00423
17394 00424
17394 00425
17394 00426
17394 00427
17394 00428
17394 00429
17394 00430
17394 00431
17394 00432
17394 00433
17394 00434
17394 00435
17394 00436
17394 00437
17394 00438
17394 00439
17394 00440
17394 00441
17394 00442
17394 00443
17394 00444
17394 00445
17394 00446
17394 00447
17394 00448
17394 00449
17394 00450
17394 00451
17394 00452
17394 00453
17394 00454
17394 00455
17394 00456
17394 00457
17394 00458
17394 00459
17394 00460
17394 00461
17394 00462
17394 00463
17394 00464
17394 00465
17394 00466
17394 00467
17394 00468
17394 00469
17394 00470
17394 00471
17394 00472
17394 00473
17394 00474
17394 00475
17394 00476
17394 00477
17394 00478
17394 00479
17394 00480
17394 00481
17394 00482
17394 00483
17394 00484
17394 00485
17394 00486
17394 00487
17394 00488
17394 00489
17394 00490
17394 00491
17394 00492
17394 00493
